20 20 35 700 40 4 160 64 39 2496 33 40 1320 72 51 3672 66 99 6534 94 41 3854 26 94 2444 23 59 1357 61 60 3660 61 37 2257 40 32 1280 73 12 876 87 96 8352 15 36 540 82 80 6560 25 75 1875 65 4 260 75 48 3600 57 89 5073 
20 28 40 1120 71 75 5325 9 17 153 5 49 245 25 60 1500 72 64 4608 5 5 25 53 57 3021 96 86 8256 23 92 2116 61 63 3843 62 16 992 98 45 4410 19 77 1463 47 54 2538 87 52 4524 14 11 154 49 4 196 3 3 9 14 43 602 
20 80 17 1360 93 62 5766 20 78 1560 6 83 498 69 36 2484 62 20 1240 34 30 1020 65 27 1755 29 34 986 63 24 1512 91 52 4732 59 95 5605 86 54 4644 44 3 132 15 31 465 78 59 4602 92 88 8096 23 61 1403 3 4 12 8 29 232 
20 93 95 8835 77 57 4389 49 12 588 78 65 5070 39 80 3120 27 62 1674 41 91 3731 67 5 335 33 24 792 30 70 2100 66 82 5412 83 48 3984 98 57 5586 36 55 1980 28 45 1260 28 41 1148 14 48 672 3 66 198 8 76 608 32 72 2304 
20 28 91 2548 4 28 112 50 67 3350 82 71 5822 4 36 144 37 52 1924 78 6 468 17 64 1088 83 14 1162 53 73 3869 96 78 7488 75 51 3825 12 13 156 14 23 322 6 56 336 56 27 1512 53 89 4717 20 72 1440 15 11 165 69 9 621 
20 47 94 4418 63 64 4032 48 81 3888 77 26 2002 13 69 897 64 54 3456 60 33 1980 10 24 240 14 98 1372 17 67 1139 38 11 418 33 48 1584 9 75 675 9 87 783 51 72 3672 92 84 7728 52 33 1716 67 7 469 61 10 610 46 66 3036 
20 71 46 3266 56 87 4872 18 47 846 85 47 3995 10 13 130 16 8 128 91 30 2730 60 41 2460 64 55 3520 3 16 48 12 6 72 43 68 2924 54 46 2484 90 32 2880 63 7 441 85 90 7650 88 91 8008 19 59 1121 91 78 7098 12 55 660 
20 26 49 1274 64 56 3584 82 15 1230 27 2 54 16 60 960 11 91 1001 83 22 1826 47 83 3901 79 15 1185 48 30 1440 89 28 2492 36 51 1836 20 1 20 39 30 1170 38 5 190 40 37 1480 93 33 3069 61 85 5185 25 45 1125 1 1 1 
20 14 77 1078 40 56 2240 85 58 4930 2 39 78 15 79 1185 11 97 1067 53 42 2226 57 72 4104 56 87 4872 47 34 1598 64 63 4032 90 47 4230 43 92 3956 41 38 1558 11 27 297 45 16 720 46 74 3404 65 48 3120 6 38 228 81 18 1458 
20 66 26 1716 1 29 29 93 51 4743 58 40 2320 78 26 2028 73 40 2920 83 1 83 64 51 3264 74 63 4662 89 79 7031 86 11 946 55 6 330 43 90 3870 86 7 602 91 73 6643 67 23 1541 22 55 1210 81 74 5994 44 34 1496 91 6 546 
20 54 19 1026 17 34 578 29 77 2233 56 13 728 72 27 1944 17 32 544 11 42 462 75 65 4875 91 96 8736 86 68 5848 41 1 41 32 61 1952 63 29 1827 42 78 3276 54 31 1674 18 96 1728 90 34 3060 6 43 258 71 55 3905 69 93 6417 
20 35 78 2730 52 70 3640 4 80 320 71 79 5609 6 97 582 73 59 4307 9 32 288 38 55 2090 98 33 3234 55 48 2640 26 22 572 61 67 4087 53 32 1696 87 70 6090 38 3 114 3 48 144 36 10 360 53 90 4770 32 52 1664 99 38 3762 
20 37 16 592 22 59 1298 96 33 3168 29 59 1711 81 53 4293 32 86 2752 82 45 3690 99 66 6534 90 34 3060 92 97 8924 77 42 3234 87 39 3393 47 10 470 80 37 2960 8 2 16 70 97 6790 9 36 324 69 37 2553 55 13 715 8 87 696 
20 47 21 987 7 70 490 15 28 420 58 91 5278 85 21 1785 77 24 1848 3 78 234 25 95 2375 29 30 870 71 25 1775 68 17 1156 37 42 1554 3 46 138 38 40 1520 40 28 1120 49 45 2205 38 91 3458 99 67 6633 5 28 140 95 28 2660 
20 19 65 1235 77 23 1771 79 42 3318 31 6 186 37 23 851 78 65 5070 54 70 3780 3 75 225 43 84 3612 54 68 3672 35 55 1925 76 37 2812 21 27 567 99 66 6534 33 13 429 64 16 1024 5 14 70 4 26 104 64 85 5440 20 13 260 
20 75 21 1575 6 41 246 19 45 855 8 99 792 52 17 884 42 19 798 47 36 1692 61 25 1525 60 18 1080 38 48 1824 91 94 8554 7 18 126 68 81 5508 18 67 1206 32 99 3168 50 23 1150 74 33 2442 84 60 5040 69 23 1587 38 33 1254 
20 49 25 1225 74 37 2738 84 33 2772 9 21 189 48 78 3744 20 82 1640 2 28 56 75 49 3675 35 23 805 30 66 1980 85 62 5270 7 61 427 14 16 224 46 64 2944 4 94 376 29 34 986 20 10 200 8 38 304 82 51 4182 36 38 1368 
20 19 24 456 98 14 1372 50 1 50 95 86 8170 48 14 672 46 55 2530 29 53 1537 34 84 2856 82 30 2460 88 4 352 38 85 3230 23 27 621 77 30 2310 85 67 5695 35 51 1785 58 33 1914 98 95 9310 32 17 544 81 65 5265 67 26 1742 
20 58 67 3886 64 41 2624 74 9 666 41 9 369 1 65 65 66 12 792 31 96 2976 65 3 195 23 88 2024 52 54 2808 37 15 555 21 21 441 53 75 3975 53 54 2862 42 93 3906 76 29 2204 18 76 1368 36 50 1800 82 75 6150 51 44 2244 
20 23 14 322 37 91 3367 7 16 112 35 29 1015 37 50 1850 21 12 252 90 1 90 53 46 2438 73 56 4088 34 63 2142 97 46 4462 82 91 7462 81 23 1863 15 52 780 47 93 4371 70 8 560 95 17 1615 8 66 528 66 25 1650 37 7 259 
20 56 34 1904 27 29 783 94 98 9212 96 19 1824 12 98 1176 56 75 4200 48 29 1392 88 55 4840 67 98 6566 17 92 1564 11 85 935 35 53 1855 91 59 5369 77 74 5698 23 54 1242 52 43 2236 23 35 805 91 82 7462 29 88 2552 53 63 3339 
20 85 65 5525 41 68 2788 58 94 5452 91 32 2912 90 94 8460 86 87 7482 36 32 1152 58 92 5336 82 66 5412 66 50 3300 28 88 2464 5 90 450 58 30 1740 56 4 224 15 88 1320 99 78 7722 47 70 3290 65 71 4615 6 74 444 63 39 2457 
20 12 28 336 48 42 2016 12 51 612 21 49 1029 36 32 1152 55 69 3795 76 99 7524 92 22 2024 63 8 504 34 70 2380 83 67 5561 82 74 6068 36 97 3492 72 19 1368 80 84 6720 43 49 2107 22 36 792 84 95 7980 4 74 296 90 78 7020 
20 47 14 658 7 21 147 34 25 850 81 45 3645 34 7 238 36 29 1044 95 86 8170 47 70 3290 43 10 430 12 78 936 53 93 4929 24 89 2136 35 13 455 61 65 3965 44 15 660 71 27 1917 37 31 1147 54 14 756 14 31 434 30 81 2430 
20 87 43 3741 60 21 1260 74 24 1776 74 29 2146 4 91 364 25 51 1275 37 72 2664 16 32 512 10 7 70 9 68 612 50 97 4850 96 94 9024 64 44 2816 95 53 5035 61 11 671 17 34 578 32 14 448 33 43 1419 66 59 3894 74 32 2368 
20 91 95 8645 5 1 5 58 70 4060 48 73 3504 68 63 4284 61 87 5307 84 14 1176 39 66 2574 30 52 1560 96 20 1920 53 53 2809 48 3 144 72 59 4248 19 11 209 35 25 875 50 2 100 17 60 1020 54 11 594 5 83 415 73 88 6424 
20 4 34 136 74 53 3922 74 16 1184 46 50 2300 10 1 10 19 3 57 45 72 3240 98 7 686 6 59 354 38 93 3534 63 55 3465 12 14 168 49 34 1666 1 31 31 7 92 644 16 60 960 90 62 5580 48 47 2256 23 4 92 70 32 2240 
20 68 49 3332 73 32 2336 4 85 340 1 52 52 5 17 85 54 22 1188 86 35 3010 2 78 156 38 16 608 21 8 168 35 39 1365 37 78 2886 42 62 2604 88 32 2816 4 74 296 19 36 684 51 58 2958 52 10 520 65 29 1885 7 14 98 
20 42 57 2394 25 10 250 55 8 440 48 73 3504 42 43 1806 17 6 102 84 7 588 54 35 1890 30 57 1710 47 85 3995 71 43 3053 9 25 225 32 18 576 47 31 1457 45 99 4455 11 4 44 99 15 1485 66 62 4092 82 60 4920 90 82 7380 
20 38 62 2356 26 90 2340 25 84 2100 84 53 4452 49 69 3381 30 27 810 67 49 3283 89 64 5696 36 28 1008 70 28 1960 59 69 4071 38 20 760 62 24 1488 32 56 1792 29 96 2784 5 42 210 53 76 4028 74 35 2590 75 32 2400 57 63 3591 
